4
4
1
1
1
8
1
1
4
2
2
4
8
8
8
4
2
8
8
8
8
8
4
1
4
2
4
4
1
4
1
4
2
4
1
4
2
4
4
12
14
4
3
1
1
4
1
4
4
3
1
1
2
1
4
1
4
4
4
4
4
4
4
1
4
4
4
4
4
3
4
3
4
4
3
4
4
4
4
4
1
4
4
4
4
4
3
4
3
8
8
4
4
4
4
60
16
16
3
8
8
4
4
4
1
4
4
4
4
60
16
16
3
4
6
4
4
2
16
2
4
4
4
2
16
16
2
2
12
2
8
2
12
2
10
4
4
10
4
4
4
2
4
3
12
1
4
1
12
1
12
1
12
1
8
8
2
8
2
4
4
4
4
4
32
4
4
16
12
2
2
4
4
4
4
32
4
4
16
12
2
2
4
4
4
4
4
8
8
16
12
2
2
2
2
2
2
2
2
4
4
4
4
4
8
20
36
2
4
2
4
4
4
4
4
4
4
4
4
2
4
4
4
4
4
4
4
4
4
4
4
4
4
4
4
4
4
4
4
4
4
4
4
4
4
4
4
4
4
4
4
4
28
8
4
4
4
4
4
4
4
4
4
8
4
8
4
4
4
4
4
4
4
4
4
4
4
4
4
4
4
4
4
4
4
4
4
4
4
8
4
4
8
8
8
8
8
8
8
8
8
8
8
8
8
8
8
8
8
8
8
8
8
8
8
8
8
8
8
2
2
4
4
1
4
1
4
1
4
4
4
8
8
4
8
8
8
4
12
16
3
4
16
8
16
3
4
16
8
16
4
8
4
8
4
8
8
4
4
8
8
8
4
20
4
8
8
4
8
8
8
8
4
4
8
8
8
8
4
4
8
8
4
4
8
8
8
8
8
4
12
4
12
4
4
4
4
8
8
12
4
12
4
12
4
4
4
4
4
4
4
8
8
8
4
8
12
12
8
8
4
4
4
4
12
64
48
8
10
2
16
8
48
8
10
2
16
8
8
24
12
10
2
12
16
8
4
12
8
4
4
8
24
24
1
40
1
12
12
16
8
12
7
8
12
2
8
12
16
8
12
4
4
8
8
4
12
4
4
8
4
4
4
8
4
8
20
20
56
60
92
20
60
8
8
8
4
12
8
8
20
60
8
8
8
60
8
8
8
8
4
8
8
4
8
4
4
4
4
12
8
8
8
8
8
8
8
8
12
16
8
28
2
8
16
2
20
4
36
4
3
4
4
4
4
3
4
4
4
4
4
4
6
8
6
4
10
2
18
10
4
4
4
4
4
4
4
4
6
2
4
2
4
4
5
2
2
4
4
4
18
10
4
10
4
4
4
4
2
4
4
2
4
4
4
4
2
4
4
2
4
4
4
4
6
2
4
2
4
2
2
4
2
2
2
4
4
5
2
2
2
2
4
4
2
4
4
4
4
4
4
8
4
4
4
4
4
8
4
4
6
1
4
2
4
4
4
4
4
4
4
4
8
4
2
8
4
4
6
1
4
2
4
4
4
4
2
4
6
1
4
2
4
2
4
4
4
4
4
4
4
2
4
4
2
4
4
2
4
4
4
4
4
2
8
4
8
4
8
4
8
4
2
8
4
8
4
14
4
2
16
4
4
4
4
2
2
8
4
14
4
2
16
4
4
4
4
2
14
4
2
16
4
4
4
4
2
2
2
2
4
4
4
4
4
4
4
2
2
2
2
2
2
2
2
2
2
2
2
2
2
2
2
2
2
2
2
2
2
2
2
2
2
2
2
2
2
2
2
2
2
2
2
2
2
2
2
2
2
2
2
2
2
2
4
4
4
4
4
4
2
6
4
6
4
4
2
6
4
6
4
2
6
4
6
4
2
6
10
10
2
14
4
4
4
2
2
14
4
14
4
4
4
4
4
4
2
4
4
2
4
2
2
2
2
2
2
4
2
2
2
2
2
4
4
4
2
2
2
2
2
2
2
2
2
2
2
2
2
4
4
2
2
4
4
4
4
4
4
4
6
4
2
16
4
4
2
8
4
2
4
24
44
28
4
20
1
1
28
4
8
20
1
1
