8
2
1
20
3
1
2
4
28
2
8
8
8
12
4
1
6
4
1
4
1
4
2
4
1
4
2
4
30
8
5
1
4
4
4
1
2
2
4
4
27
28
7
4
128
34
16
8
8
8
5
104
33
4
8
4
4
4
2
16
16
2
10
12
2
2
20
2
10
10
8
4
2
4
3
16
2
24
2
12
1
8
8
2
8
10
8
4
56
4
16
8
4
56
4
16
8
12
4
8
16
12
4
4
4
4
4
8
4
4
8
20
36
2
4
2
8
8
8
4
8
2
4
4
16
4
20
4
8
4
12
8
4
8
8
4
8
8
4
84
28
8
8
4
8
8
8
12
12
4
12
4
16
16
16
16
16
16
16
16
16
16
16
16
16
8
2
2
4
4
1
4
1
4
1
4
4
20
4
16
8
4
52
3
4
16
3
4
24
20
20
12
8
4
4
16
8
4
72
8
4
8
16
12
12
12
4
16
8
8
8
4
48
24
8
12
12
8
8
8
4
8
16
4
8
12
12
8
8
4
4
4
4
12
136
8
10
2
92
8
10
2
24
10
2
12
28
12
12
4
32
24
1
76
13
20
7
20
2
12
52
8
4
28
8
12
4
8
20
20
116
228
104
76
20
20
16
4
4
28
16
8
16
20
16
36
2
24
2
24
52
3
8
3
4
4
4
4
4
6
8
6
4
10
84
12
5
4
28
4
14
4
10
10
8
10
10
8
8
18
2
2
6
2
2
4
6
5
2
2
2
8
2
4
8
8
4
8
8
8
4
54
20
1
30
16
1
4
12
1
4
2
8
8
4
10
10
10
8
8
6
16
8
18
8
36
44
26
40
14
4
10
32
8
8
8
4
4
4
4
4
4
4
4
4
4
4
4
6
4
4
4
6
4
4
4
4
4
4
6
8
8
6
20
6
16
6
16
6
6
10
10
6
24
6
14
14
4
4
8
10
10
6
2
2
2
8
2
2
2
2
2
8
8
4
4
2
6
2
14
10
8
8
4
10
2
16
4
4
2
8
4
2
4
24
96
1
1
40
20
1
1
